
0,-0.1819,0.7460
0.1699,-0.1771,0.7962
0.1962,-0.1914,0.7699
0.1914,-0.1962,0.7890
0.1866,-0.2034,0.7747
0.1771,-0.2249,0.7866
0.1914,-0.1771,0.7651
0.1723,-0.2082,0.7579
0.1986,-0.1819,0.7675
0.1866,-0.2225,0.7508
0.2010,-0.1675,0.7890
0.1747,-0.2034,0.7819
0.1866,-0.2034,0.7555
0.1819,-0.2297,0.7986
0.1890,-0.1890,0.7771
0.1675,-0.1938,0.7675
0.1819,-0.1627,0.7651
0.1842,-0.2034,0.7555
0.1723,-0.2010,0.7747
0.1866,-0.2201,0.8010
0.1890,-0.2249,0.7938
0.1962,-0.1771,0.8082
0.1866,-0.2249,0.7579
0.1914,-0.1938,0.7747
0.1866,-0.1890,0.7460
0.1866,-0.1723,0.8010
0.1699,-0.1890,0.7675
0.2058,-0.1986,0.7723
0.1914,-0.2321,0.7819
0.1771,-0.1914,0.7771
0.1771,-0.2082,0.8010
0.1723,-0.1890,0.8034
0.1890,-0.2010,0.7699
0.1962,-0.1819,0.7675
0.1651,-0.2249,0.7603
0.1962,-0.2130,0.7460
0.1890,-0.1723,0.7938
0.1914,-0.1866,0.7938
0.1866,-0.1890,0.7651
0.1771,-0.2058,0.7436
0.1890,-0.1842,0.7747
0.2106,-0.1819,0.7795
0.1962,-0.1842,0.7627
0.1938,-0.1771,0.7890
0.1914,-0.1747,0.7651
0.1962,-0.1938,0.7651
0.1531,-0.2010,0.7627
0.1795,-0.1962,0.7531
0.2010,-0.2082,0.7962
0.2130,-0.2225,0.7771
0.1747,-0.1675,0.7531
0.1842,-0.1795,0.8010
0.1890,-0.2082,0.7675
0.1795,-0.2082,0.7747
0.1986,-0.1914,0.7866
0.1890,-0.2369,0.7723
0.1795,-0.2058,0.7986
0.1890,-0.1914,0.7771
0.1938,-0.2177,0.7843
0.1819,-0.2177,0.7723
0.1819,-0.2273,0.7531
0.1795,-0.2034,0.7675
0.1747,-0.2201,0.7795
0.1795,-0.1938,0.7819
0.1938,-0.1914,0.7675
0.1795,-0.2058,0.7651
0.1699,-0.2154,0.7771
0.1675,-0.2417,0.7723
0.1795,-0.2297,0.7699
0.1795,-0.2034,0.7986
0.1723,-0.1819,0.7890
0.1795,-0.2106,0.7675
0.1771,-0.2177,0.7938
0.1747,-0.2106,0.7723
0.1819,-0.1914,0.7819
0.1723,-0.1914,0.7843
0.1866,-0.2034,0.7555
0.1986,-0.1771,0.7723
0.1842,-0.1890,0.7579
0.1699,-0.2201,0.7675
0.1890,-0.1795,0.7627
0.1699,-0.2082,0.7484
0.1723,-0.1866,0.7747
0.2034,-0.2201,0.7890
0.1795,-0.1914,0.7843
0.2058,-0.2058,0.7771
0.1699,-0.2177,0.7699
0.1723,-0.1866,0.7723
0.1866,-0.1938,0.7699
0.1723,-0.2034,0.7603
0.1723,-0.1627,0.7579
0.2106,-0.1890,0.7603
0.2082,-0.1531,0.7627
0.2010,-0.1890,0.7819
0.2058,-0.2369,0.7508
0.1914,-0.2130,0.7747
0.1747,-0.1914,0.7675
0.1747,-0.2034,0.7699
0.1890,-0.1986,0.7627
0.1747,-0.2058,0.7771
0.2010,-0.2225,0.7962
0.2010,-0.2273,0.7627
0.2082,-0.1890,0.7795
0.1962,-0.2010,0.7771
0.1747,-0.1890,0.7603
0.1819,-0.1795,0.7436
0.1842,-0.1986,0.7795
0.1938,-0.1986,0.7508
0.1986,-0.2082,0.7962
0.1842,-0.1675,0.7723
0.1914,-0.2106,0.7603
0.1890,-0.2393,0.7699
0.1866,-0.1723,0.7627
0.2082,-0.2106,0.7866
0.1771,-0.1914,0.7866
0.1890,-0.2225,0.7723
0.1914,-0.2177,0.7890
0.1962,-0.2082,0.7436
0.1914,-0.2082,0.7436
0.1866,-0.1986,0.7675
0.1723,-0.2106,0.7843
0.1795,-0.2010,0.7866
0.2010,-0.2154,0.7843
0.1747,-0.1890,0.7699
0.1938,-0.1771,0.7531
0.1795,-0.1914,0.7819
0.2058,-0.1986,0.7723
0.1771,-0.1675,0.7747
0.1890,-0.2106,0.7173
0.1795,-0.1938,0.7460
0.1914,-0.2201,0.7890
0.1890,-0.2345,0.7771
0.1819,-0.2106,0.7747
0.1771,-0.2297,0.7819
0.2034,-0.1819,0.7699
0.1938,-0.1842,0.7699
0.1914,-0.1938,0.7795
0.1771,-0.2034,0.7579
0.1699,-0.1866,0.7771
0.1986,-0.2106,0.7843
0.1795,-0.1962,0.7819
0.2130,-0.1866,0.7579
0.1842,-0.1842,0.7651
-0.2560,-1.1725,0.7771
0.1842,0.1077,0.8010
0.8112,0.8351,0.7938
0.1819,-0.2393,0.8082
0.1795,-0.2154,0.7986
0.1890,-0.1771,0.7723
0.1699,-0.1986,0.7651
0.1675,-0.2441,0.8082
0.1962,-0.1914,0.7292
0.1962,-0.2010,0.7890
0.1842,-0.2010,0.7914
0.1890,-0.2010,0.7843
0.1962,-0.2010,0.7699
0.1866,-0.2034,0.7723
0.1842,-0.2249,0.7747
0.1962,-0.2058,0.7747
0.1651,-0.2106,0.7436
0.1579,-0.2369,0.7579
0.1771,-0.2106,0.7627
0.1890,-0.2321,0.7866
0.2034,-0.2058,0.7843
0.1771,-0.2106,0.7819
0.1795,-0.2201,0.7771
0.1866,-0.2082,0.7843
0.1866,-0.1986,0.7651
0.1938,-0.2273,0.7436
0.1819,-0.2154,0.7747
0.1771,-0.2393,0.7890
0.1771,-0.2249,0.7843
0.1699,-0.1914,0.7508
0.1819,-0.1914,0.7843
0.1651,-0.2249,0.7771
0.1795,-0.2225,0.7914
0.1938,-0.1962,0.7819
0.1962,-0.2130,0.7747
0.1914,-0.1962,0.7723
0.2010,-0.2034,0.7747
0.1962,-0.2321,0.8058
0.1699,-0.2010,0.7747
0.1819,-0.2177,0.7651
0.1651,-0.1842,0.7627
0.1819,-0.2177,0.7843
0.1890,-0.2177,0.7843
0.1938,-0.2369,0.7484
0.1747,-0.2201,0.7819
0.1747,-0.2345,0.7699
0.2010,-0.2249,0.7866
0.1890,-0.2273,0.7795
0.1938,-0.2106,0.7771
0.1675,-0.2082,0.7747
0.2082,-0.2249,0.7843
0.1723,-0.2321,0.7723
0.1747,-0.2225,0.7914
0.1986,-0.1938,0.7412
0.0526,0.5503,0.7484
0.0479,-0.4283,0.7986
0.5958,-0.5838,0.7819
0.2800,0.5121,0.7866
0.1890,-0.7490,0.7795
0.3254,-0.5551,0.7890
0.1484,-0.4020,0.7627
0.1771,-0.2680,0.7723
0.1699,-0.2297,0.7412
0.1579,-0.2584,0.7866
0.1771,-0.3039,0.7723
0.2082,-0.3494,0.7460
0.1364,-0.2776,0.7723
0.1651,-0.2130,0.8225
0.1819,-0.2082,0.8273
0.1460,0.0550,0.8201
0.1675,-0.3565,0.8249
0.1819,-0.2824,0.7508
0.1962,-0.4786,0.7101
0.2130,-0.5838,0.7651
0.0407,-0.2800,0.8536
0.1196,-0.2752,0.8513
0.1149,-0.2082,0.8441
0.4355,-0.3350,0.7173
0.3015,-0.5527,0.7508
0.1005,-0.5958,0.7723
0.1699,-0.3924,0.7890
0.1603,-0.2728,0.8513
0.1388,-0.3876,0.8273
0.1819,0.2082,0.7771
0.2776,-0.1627,0.8297
0.2154,-0.3613,0.8369
-0.0837,-0.3829,0.7819
0.2704,0.0431,0.6431
0.0263,0.1723,0.8058
-0.0742,0.2297,0.8154
-0.1819,0.6915,0.7244
-0.3350,0.6556,0.7244
-0.7729,0.9619,0.9637
-0.9117,1.1486,0.8943
-0.9763,1.2514,0.7053
-0.1053,0.5216,0.8082
-0.4810,0.3589,1.1025
-0.1196,1.0935,0.6670
0.7083,0.6748,1.1886
0.7681,-0.1029,0.8345
-0.6102,-0.4379,1.0211
0.8566,-0.5671,0.7412
0.9069,-0.4546,1.0451
-0.0598,-0.1220,0.6335
-0.3613,0.1436,1.0834
0.5575,0.1914,0.4588
-0.0885,0.0550,0.4277
0.0885,0.0837,0.5880
0.1484,-0.1436,0.6981
0.7848,-0.2010,0.6096
0.2536,-0.2369,0.7508
-0.3948,-0.2489,0.9637
0.9452,-0.2441,1.1240
0.5934,-0.4140,0.9781
0.0718,-0.3015,0.3823
0.4116,-0.4020,0.6574
0.9523,-1.2275,0.7771
0.8877,-1.6630,0.4923
0.6843,-1.7420,0.5928
0.8566,-2.2732,0.8871
0.3302,-2.7948,0.2291
0.6150,-3.3069,0.8728
0.9954,-3.1322,0.7412
0.0072,-3.0317,0.7173
0.1747,-0.8566,0.9039
0.5025,-3.0006,0.7316
0.5647,-2.7350,0.7938
0.9715,-2.4168,0.7962
0.8016,-1.6152,0.4995
-0.3302,-1.5194,0.7268
0.4044,-1.7396,0.6526
0.5145,-1.7300,0.6838
0.2752,-0.9978,0.6024
0.3733,-0.7298,0.7675
0.0120,-1.2203,0.8608
0.6987,-1.3376,0.7436
0.3135,-1.5505,0.6814
-0.6173,-1.0648,0.8010
-0.0072,-1.2945,0.8321
0.1507,-1.3543,0.6239
-0.0096,-0.9260,0.8991
-0.1316,-0.2967,1.0235
0.1196,0.1842,0.7914
0.3494,-0.1651,0.6909
-0.1603,-0.0909,0.6790
0.4451,0.3087,0.5952
0.6748,0.6843,0.7579
0.2800,1.0217,0.8297
0.9667,0.6269,0.8178
0.4714,1.0241,0.8321
0.0144,1.5027,0.8919
-0.3541,1.5027,0.8943
-0.1292,1.3256,0.8680
0.4307,1.3926,0.8608
0.3398,1.3735,0.8824
0.0837,1.2371,0.4181
-0.2728,1.6678,0.8560
0.1364,1.1653,0.6670
0.5671,1.1581,0.8178
0.7155,1.2203,0.7555
0.5958,0.3135,0.9900
0.6365,2.1033,0.7220
0.2656,0.9571,0.6957
0.1531,0.8351,0.7388
0.2489,0.8614,0.9948
0.1914,0.6437,0.9781
0.2010,0.7011,0.6861
-0.0072,0.4762,0.7890
0.2369,0.6150,0.9661
0.6796,0.7226,0.8034
0.6269,1.0816,0.8225
0.5360,0.4427,0.8895
-0.0191,0.7155,0.5641
0.0861,0.4068,1.0259
-0.1531,0.2369,0.7843
-0.4714,0.3924,1.1886
0.3302,0.9356,0.9159
0.0694,0.8925,0.8082
-0.2106,0.4953,0.9805
-0.4379,0.2680,0.8417
0.2058,0.1914,0.8465
0.2369,0.4116,0.4851
0.4020,0.1795,1.1288
0.6006,-0.1531,0.8632
0.5192,-1.2299,0.8680
1.0361,-0.6102,0.5210
0.2608,-1.1629,0.9517
0.7609,-0.8590,0.6335
-0.0407,-1.3065,1.0762
-0.0120,-1.4142,0.7890
1.2323,-1.0002,2.5358
0.3613,-2.3115,0.5282
0.2584,-2.2540,0.9757
0.3805,-2.3426,0.8919
0.0191,-2.1751,0.6479
0.1268,-2.8570,0.4564
0.2106,-2.8881,0.4516
0.5168,-2.7757,0.2818
0.5073,-2.0483,0.7340
0.1412,-1.7420,0.8369
0.1364,-1.3854,0.7316
0.3278,-0.7131,0.7149
0.2249,-0.4738,0.7053
0.2656,-0.4690,0.7938
0.2824,-0.4570,0.7436
0.3470,-0.6628,0.7364
0.2369,-0.8183,0.7771
0.0622,-0.8471,0.7029
-0.2297,-0.5480,0.6526
0.2393,-1.9573,0.8752
0.1795,-1.2658,0.7173
0.1172,-1.3687,0.7053
0.3326,-1.5242,0.9063
0.2919,-1.5840,0.7890
0.3589,-0.7346,0.6383
0.3494,-1.0552,0.6359
0.5216,-0.7466,0.7747
0.7418,-0.8925,0.6838
0.1460,-0.2656,0.8249
0.1364,-0.7513,0.7077
-0.2154,-0.0239,0.7196
0.6604,-0.8040,0.6287
0.3470,-0.4786,1.1360
0.1842,-0.4140,0.9852
-0.2154,-0.2632,0.6287
0.3422,0.3230,0.7125
0.3398,-0.5599,0.8082
0.1460,-0.3350,0.6574
0.3087,-0.4331,0.8656
-0.2728,0.1029,0.7675
-0.2871,0.1005,0.9063
-0.0837,0.1149,0.7196
0.6485,-0.2704,0.7651
0.5671,-0.5695,0.6335
-0.3182,0.0909,0.8536
0.1005,-0.3135,0.7914
0.8183,0.3111,0.6838
-0.1914,-0.2608,0.7986
-0.3182,0.0263,0.8058
0.0694,-0.2441,0.8082
0.4164,0.0048,0.7484
0.1699,-0.1412,0.8082
0.3733,0.1842,0.7723
0.6317,-0.0024,0.7388
0.2800,0.1125,0.7436
0.3709,-0.4331,0.7244
0.0239,0.2106,0.8465
-0.1723,0.0574,0.8728
-0.0383,-0.4666,0.6598
0.1627,-0.4522,0.7747
0.2919,-0.1292,0.8178
-0.1077,0.0048,0.7603
0.2800,-0.3613,0.7460
0.2847,-0.4211,0.7316
0.0502,-0.1914,0.7101
0.2608,-0.4092,0.7340
0.0766,-0.2034,0.8393
0.3541,-0.4690,0.8082
0.2177,0.0239,0.7555
0.0814,-0.2847,0.7699
-0.0646,-0.0335,0.8513
0.1555,-0.0072,0.8321
0.3278,-0.1962,0.7795
0.0766,-0.1029,0.6861
-0.0479,-0.2130,0.8130
0.1460,0.0239,0.7866
0.4044,-0.1029,0.9589
0.2082,-0.0167,0.8369
0.1627,-0.0574,0.7053
0.3398,-0.3087,0.6096
0.5240,-0.0646,0.5569
0.0790,-0.1531,0.6670
-0.1412,-0.3039,0.9350
-0.0072,-0.4451,0.9159
0.6006,-0.3900,0.8225
-0.0407,-0.7035,0.7555
0.3230,0.3039,0.8560
0.1388,-0.4020,1.0092
0.3254,-0.2871,0.7603
0.3087,-0.5982,0.8201
0.1125,-0.1986,0.8178
0.2441,-0.5910,0.9637
0.2417,-0.5719,0.9733
0.5097,-0.4499,0.8225
0.1675,-1.0026,0.7699
-0.1005,-0.5623,0.8656
-0.1220,-0.5408,0.8465
0.2010,-0.2225,0.7651
0.4403,-0.3230,0.8560
-0.0335,-0.4953,0.7962
-0.3637,-0.2584,0.6455
0.1962,-0.1053,0.9183
0.7466,0.6150,0.8584
0.2297,-0.1603,0.8608
0.2082,0.1436,0.7651
0.1723,-0.0431,0.7173
-0.2871,-0.1029,0.9206
0.2393,-0.0646,0.8584
0.1029,0.0479,0.8034
0.5097,-0.2441,0.7651
0.6963,-0.4810,0.6670
-0.1555,-0.5121,0.8704
0.4140,-0.6508,0.5306
0.2608,-0.5910,0.6263
0.2345,0.0144,0.7173
0.2465,-0.6293,0.6335
0.0694,-0.2991,0.6933
0.1675,0.0694,0.6718
0.4211,-0.3135,0.7364
0.3541,-0.0024,0.6550
0.0311,0.4834,0.7388
0.0000,-0.2082,0.6407
0.4786,0.0861,0.7149
0.0335,0.0215,0.7747
0.3517,-0.2728,0.6359
0.1866,-0.1412,0.9829
-0.3996,-0.3206,0.9494
0.1149,-0.0909,0.9254
0.5336,0.0191,0.9039
0.7657,0.3517,0.8871
0.9165,0.3900,0.7627
0.8064,0.6867,0.7723
0.7992,1.0792,0.7531
0.7968,1.1127,0.9039
0.2345,-0.1938,0.7986
0.2106,-0.3541,0.7460
0.2441,-0.3350,0.7340
0.1747,-0.4618,0.6957
0.1627,-0.3924,0.7723
0.1747,-0.4092,0.7651
0.1723,-0.3565,0.8034
0.1842,-0.3230,0.8273
0.1340,-0.3446,0.7819
0.1531,-0.3613,0.7819
0.1795,-0.3805,0.7651
0.1771,-0.3733,0.7268
0.1747,-0.3470,0.7914
0.1771,-0.3661,0.7723
0.1436,-0.3805,0.7986
0.1890,-0.3063,0.7771
0.1914,-0.3206,0.7771
0.1795,-0.3302,0.7914
0.1723,-0.3661,0.7460
0.1603,-0.3685,0.7149
0.1436,-0.3852,0.7723
0.1627,-0.3350,0.7771
0.1819,-0.3398,0.7723
0.1651,-0.3565,0.7627
0.1723,-0.3781,0.7531
0.1555,-0.4044,0.7436
0.1699,-0.3757,0.7579
0.1651,-0.3063,0.8010
0.1603,-0.3278,0.7819
0.1412,-0.3278,0.7699
0.1962,-0.3374,0.7388
0.1651,-0.2776,0.7962
0.1579,-0.2824,0.7866
0.3900,-0.3039,0.8034
-0.0239,-0.6197,1.0187
0.0670,-0.1842,0.7149
0.1723,-0.5121,0.7244
0.1149,-0.6173,0.6909
0.1077,-0.9212,0.7723
0.1890,-0.4690,0.7125
0.1795,-0.3781,0.8010
0.1507,-0.3900,0.7675
0.1484,-0.3948,0.8082
0.1531,-0.3470,0.8034
0.1675,-0.3589,0.7843
0.2058,-0.3805,0.7699
0.1531,-0.3876,0.7603
0.2106,-0.3613,0.7603
0.1316,-0.3948,0.7795
0.1627,-0.3685,0.7579
0.1699,-0.3541,0.7364
0.2177,-0.2632,0.7651
0.1747,-0.3135,0.7651
0.1890,-0.3470,0.7531
0.1890,-0.3278,0.7747
0.1699,-0.3829,0.7866
0.1747,-0.3326,0.7843
0.1627,-0.3087,0.8393
0.1723,-0.2847,0.7651
-0.2273,-0.1149,0.6000
0.3541,-0.3206,0.6742
-0.2967,-1.0744,0.9900
-0.5647,0.6508,0.7651
-0.9667,0.4355,0.7579
0.1125,0.2728,0.7005
0.0885,0.1627,0.6981
-0.2489,0.3398,1.0427
-0.1149,0.4618,0.4253
-0.0790,0.5288,0.8848
-0.0287,0.1316,0.9805
-0.2656,0.1866,0.8584
0.1747,0.7250,0.6718
-0.2058,0.5503,0.8991
-0.2560,0.2369,0.8895
0.2441,-0.0048,1.0522
0.9930,-0.1244,0.6885
0.1699,0.5982,0.4971
-0.1771,0.9476,0.4516
0.1938,0.0550,0.7101
-0.0981,-1.0983,0.8560
0.4307,-0.1436,1.1097
0.6580,-0.3733,1.2844
0.9452,-0.1962,1.1336
0.7035,-0.9667,0.6550
0.1555,-0.8853,0.6718
0.5312,-0.5886,0.6526
0.4905,-0.3159,0.4325
0.2225,-0.4451,0.4660
-0.2536,-0.4642,0.7077
0.0670,-0.5432,0.9374
0.4116,-0.7011,0.5115
-0.4331,-0.7442,0.9446
-0.2919,-0.5575,0.7173
0.3589,-0.5934,0.9589
0.3039,-0.7035,0.7364
0.3661,-0.0096,0.4277
-0.4379,-0.8495,1.1767
0.0574,-0.0526,0.6790
-0.1651,-0.5145,0.6526
-0.3015,-0.4834,0.7484
-0.4403,0.5001,0.1430
-0.4116,-0.1819,0.8824
-0.6389,-0.7944,0.8441
-0.4116,-0.0742,0.2842
-1.1366,-0.0646,0.6000
-0.1747,-0.6556,0.8465
-0.6987,-0.4116,0.6335
0.3135,-0.1053,0.5210
0.2991,-0.8806,0.3703
1.2419,-0.4379,0.8752
2.0100,-1.4309,1.6050
3.0293,-2.9623,0.6503
2.2493,-2.9192,0.4397
3.1011,-3.2877,0.8106
2.8403,-3.2806,0.5186
0.6317,-1.6367,0.7149
1.7635,-1.9669,0.7292
1.9502,-2.0746,0.4086
2.3593,-1.6917,0.6191
1.9310,-0.9212,0.7699
2.1870,-1.2443,0.8704
2.6608,-1.5410,0.6120
1.4812,-1.2108,0.7771
1.9214,-0.6054,0.7795
1.0169,-0.7418,0.5139
1.4166,-0.1340,0.8967
1.1844,0.0646,1.2556
0.1819,-0.9188,0.6287
0.3398,-0.8662,0.5115
1.0504,-0.1077,0.7292
1.5386,-0.5121,0.6526
0.9069,0.3230,0.7723
0.0287,0.9428,1.3250
-0.9715,-0.4331,0.5186
0.4140,0.0239,0.3248
0.2608,-0.2512,0.9613
-0.7250,0.0742,1.0164
0.4618,-0.4810,0.5019
0.2082,-0.7418,0.9111
-0.1388,-0.5288,0.6838
-0.5312,-0.5480,0.7531
0.2632,-0.7155,0.6790
-0.0431,-0.7753,0.7866
-0.5408,-0.7513,0.7101
-0.3063,-0.3948,0.8871
-1.2203,0.4905,0.6574
-0.0120,0.6269,1.0140
-0.2058,0.4762,0.7890
-0.7274,0.7537,1.0570
-0.0885,1.2826,0.9135
-0.5503,1.8209,1.1575
-0.0287,2.3067,0.7675
-0.0215,2.1655,0.7890
-0.2919,2.0674,0.8752
-0.5695,1.9860,0.8967
-0.7178,1.2897,0.9446
-1.1294,1.3974,0.7747
-0.5001,0.9093,1.0235
-0.3781,0.3470,0.6814
-0.1747,0.4427,0.6718
-0.6173,0.5216,0.7651
-0.4618,0.5264,1.0164
-0.5527,0.6724,0.6263
-0.6078,0.2584,0.7125
-0.1795,0.4020,0.9637
-0.2082,-0.1675,0.6790
-0.4283,0.2297,0.8632
-0.0790,-0.7657,0.4181
-0.4211,-0.2297,0.7388
0.4786,0.1603,1.1073
-0.4475,0.0383,1.0068
0.2034,0.1627,0.6431
-0.6389,0.0263,0.4564
-0.8710,-0.1938,0.7555
-0.5264,-0.5862,0.8321
-1.1653,-1.3137,0.9254
-0.8447,-1.3304,0.4086
-0.7609,-1.3615,0.1717
-0.7753,-1.6582,0.7484
-0.3733,-2.0746,0.5450
-0.1436,-1.4357,0.5258
-0.3661,-1.7348,0.6694
1.0816,-2.2564,0.8776
0.6556,-2.6656,0.8632
0.6006,-2.6201,0.4253
0.7035,-2.2923,0.8417
1.3759,-2.4574,0.5713
0.9428,-2.2325,0.9326
0.9978,-2.1751,0.8489
0.5336,-2.2158,0.3583
0.4522,-1.6798,0.7125
0.7418,-1.9167,0.9733
0.7442,-1.3902,1.0427
1.2012,-1.4501,0.2818
1.3950,-1.4213,0.5665
2.1368,-1.1007,0.7531
1.4572,-0.8447,1.1169
1.9190,-0.7825,0.9135
1.8808,-0.9715,0.9254
1.7109,-0.5695,1.0714
2.1440,-1.0768,1.0116
2.5077,-0.4259,0.7292
2.2014,-1.1414,0.4804
-0.1627,-0.5384,1.1384
-0.0120,-0.1747,0.7843
-0.5910,-1.0839,0.7579
-0.5432,-0.5862,0.8417
-1.3783,-1.0744,0.7364
-1.6798,-0.4618,0.9135
-1.3352,-0.1795,0.5809
-0.4259,-0.1507,0.5904
-1.2610,0.2417,0.7914
-1.7635,0.8136,0.8584
-2.1440,1.7396,0.8967
-1.2802,1.6869,1.0331
-0.4834,2.1559,0.1478
-0.2201,1.5458,0.9422
-0.5671,1.7133,0.7866
-0.3398,1.6199,0.9781
0.0191,2.3976,1.0020
-0.1244,1.6893,0.6670
0.4522,2.4550,0.4660
0.4187,2.1966,0.7771
-0.9069,1.8616,1.2221
-0.0048,2.1727,0.8871
0.1340,1.2993,0.9446
0.8088,1.1462,0.4062
0.5599,1.4979,0.7747
0.6245,0.9978,1.2269
1.8520,0.7705,1.1958
1.8568,-0.0215,1.4830
1.9765,0.0502,-0.0724
1.4070,-0.2177,0.3990
1.5912,-0.4881,0.5234
2.4861,-0.5599,0.8369
2.3450,0.1986,0.9398
1.4692,-1.3615,1.5093
1.5960,-1.0217,0.3153
0.7585,-2.2469,0.1119
0.5360,-2.0219,0.9900
0.4044,-2.0171,0.8225
0.4379,-2.0363,0.8728
0.4211,-1.9310,0.8417
0.4283,-2.0004,0.5019
0.2560,-1.8999,0.8465
0.1771,-2.1248,0.7316
-0.0144,-1.8664,0.5593
0.4427,-2.0411,0.5234
0.3781,-2.0913,0.6311
0.3972,-1.8162,0.7938
0.0502,-2.1583,0.9398
-0.6173,-1.8329,0.7388
0.1603,-3.0485,0.8824
1.1222,-2.9910,0.4780
0.5240,-3.0676,0.6718
0.3374,-2.5220,0.6670
0.4546,-2.2181,0.7579
0.8088,-1.5218,0.7340
1.0504,-0.6963,0.4014
1.4309,-0.5240,0.9278
0.8327,1.2634,0.9517
-0.4331,1.8784,0.5043
-0.9093,3.0437,0.7196
-0.9547,3.0748,0.8249
-0.8662,3.1035,0.6790
-1.4189,3.5725,0.5904
-1.4572,2.9575,0.9661
-0.0837,0.3206,0.8489
2.2947,1.9621,0.4277
0.7298,0.6652,0.8895
1.2060,0.9643,0.5426
0.1412,1.7372,0.8034
0.8901,1.6702,1.0881
0.2728,1.9190,1.0235
-0.6796,0.8040,1.1408
-1.4118,-2.7374,0.3727
0.8518,-2.1464,0.9111
-0.6867,-0.2656,0.9781
-0.8734,-1.0241,1.3370
-1.8257,-1.8209,0.6742
-0.4714,-1.4189,0.8895
-0.5910,-1.9071,0.7101
-0.9404,-0.7155,0.7388
0.0670,-0.6269,0.7651
0.2034,-1.2467,1.5308
-0.9021,-0.1699,1.4686
1.0337,0.6987,0.7460
-0.0646,1.3089,0.4564
-0.4929,1.4357,1.2054
0.1268,1.2921,2.2415
0.9045,2.4933,2.4832
0.4379,1.5840,4.4836
-0.2297,1.4692,9.5539
-0.0837,1.7539,10.5996
0.1292,4.2329,10.5996
0.6413,4.5559,6.9075
0.0814,4.0582,0.9135
0.1555,2.7350,-8.1673
-0.4786,-0.1196,-14.6279
0.9930,0.4211,-28.6020
2.1488,1.0385,-28.6020
4.9340,3.6610,-8.5789
3.4959,6.6927,9.7597
1.3902,6.9392,10.5996
-4.6301,3.8333,10.5996
-0.2465,7.9585,10.5996
5.3623,4.9699,5.4957
3.2997,4.4243,-4.0756
0.9404,3.2758,-10.0337
1.8951,0.5910,-28.5900
1.8114,1.0887,-28.6020
0.8877,5.4341,-28.6020
1.3041,7.8700,-6.1358
1.3950,8.2959,10.5996
0.4259,5.2738,10.5996
-3.6179,4.2808,10.5996
2.6632,3.9721,10.5996
6.0826,4.7593,9.1065
3.8237,6.8028,-8.8516
-4.2066,7.0923,-28.6020
0.7274,8.0471,-28.6020
11.2582,9.7388,-28.6020
14.2540,8.6907,10.5996
7.5015,5.6686,10.5996
-3.4911,4.5488,10.5996
-3.8453,7.1115,10.5996
2.2253,8.9300,10.5996
3.7424,10.0475,-16.4608
2.7781,8.8989,-28.6020
4.9555,9.2674,-28.6020
6.9105,11.4808,-28.6020
2.7470,13.6271,10.5996
-0.9954,8.9300,10.5996
-11.5047,6.5707,10.5996
-2.9958,6.7884,10.5996
10.6146,6.4391,3.7059
11.1841,9.5378,-13.3837
0.8997,9.3200,-28.6020
2.6177,8.9252,-28.6020
8.5256,10.4949,-28.6020
12.0479,10.2796,10.5996
4.6756,6.5850,10.5996
-7.6355,6.2620,10.5996
-8.8463,6.3003,10.5996
3.3882,6.0802,10.5996
6.9392,8.8008,-10.1294
4.3980,8.6333,-28.3555
4.5057,7.6905,-28.6020
7.4536,10.0690,-28.6020
9.1167,14.2732,-5.5663
8.2241,12.1819,10.5996
-3.3380,7.7025,10.5996
-11.3707,7.5182,10.5996
3.7735,8.3414,10.5996
8.3677,8.8606,-5.6764
2.2277,9.7843,-28.6020
-0.6030,8.3366,-28.6020
1.9860,8.4778,-28.6020
6.7956,8.4538,-18.2411
6.1137,6.5827,10.5996
3.2064,5.4676,10.5996
-0.0861,0.1842,10.5996
1.6439,-1.5697,10.5996
4.0415,-1.0098,10.5996
6.2812,-0.8710,10.5996
6.5779,0.8040,10.4536
4.7450,1.9406,-2.1182
4.0630,2.3306,-2.8696
-0.5623,2.9862,-9.6915
-3.0724,2.9025,-17.4491
-5.7117,2.5196,-26.2786
-7.4201,3.1131,-28.6020
-6.8818,5.1111,-28.6020
-0.5192,5.8863,-18.6383
6.6927,6.3218,-4.9753
13.1892,4.8694,7.4172
13.3854,0.4666,10.5996
11.0572,-2.9671,10.5996
2.4957,-0.5934,10.5996
2.9336,1.5099,10.5996
9.1143,7.5015,10.5996
5.5729,13.2850,-6.7340
-7.9490,15.1657,-28.6020
-11.5525,19.5996,-28.6020
6.4917,19.5996,-28.6020
19.5996,19.4273,10.5996
19.5996,12.4307,10.5996
-9.0855,8.3055,10.5996
-2.2349,15.4505,10.5996
13.1486,14.0698,-5.1380
5.8744,15.0221,-28.3244
-0.9500,17.4748,-28.6020
-5.2427,19.5996,-28.6020
17.4269,19.2000,-9.0766
19.5996,9.7220,10.5996
5.1685,9.1525,10.5996
-4.1228,11.4951,10.5996
11.0046,14.2038,10.5470
10.5236,18.6975,-21.5527
-4.8455,18.7406,-28.6020
1.1533,19.5996,-28.6020
11.0333,19.5996,-28.6020
19.5996,16.7474,10.5996
19.5996,10.9926,10.5996
-10.3585,8.6907,10.5996
5.5011,10.8132,10.5996
15.8142,15.7974,2.5717
6.9416,16.5248,-28.6020
-0.6915,19.3843,-28.6020
-2.7709,19.5996,-28.6020
16.2257,19.5996,-7.1121
19.5996,11.9976,10.5996
12.6413,3.9362,10.5996
-8.3175,5.9605,10.5996
2.8499,8.7984,10.5996
14.9671,12.5575,7.1109
12.1747,15.9936,-28.6020
1.7252,19.5206,-28.6020
-0.0096,19.5996,-28.6020
14.2086,19.5996,-21.7561
19.5996,19.5996,10.5996
15.8979,13.0170,10.5996
-15.9841,10.2604,10.5996
2.9097,9.6431,10.5996
19.1522,13.1605,1.8515
19.5996,12.9523,-20.9354
5.9198,17.0943,-28.6020
-1.0744,19.1761,-28.6020
-1.6152,19.5996,-28.6020
13.8688,19.5996,10.0756
19.5996,11.0166,10.5996
2.7302,6.4463,10.5996
-8.9515,5.6303,10.5996
8.7171,4.0487,10.5996
15.7113,9.4971,5.6082
18.1639,11.2223,-25.9890
3.4265,15.5677,-28.6020
-4.2305,19.1450,-28.6020
-5.6207,19.5996,-28.6020
12.5934,19.5996,-16.5087
19.5996,8.6692,10.5996
19.5996,3.0652,10.5996
-5.8241,-0.2465,10.5996
-0.3972,2.5484,10.5996
7.3292,8.5687,6.1490
11.2223,11.4616,-5.9372
4.7737,12.4929,-28.6020
-3.5749,15.4002,-28.6020
-7.5422,15.0844,-28.6020
2.3330,12.0885,-28.0995
8.7649,11.4281,0.8704
16.8287,2.9456,10.5996
11.9785,-1.3543,10.5996
3.1848,-6.4271,10.5996
-0.6293,-4.4770,10.5996
-2.2875,-1.3998,10.5996
2.3785,0.6843,10.5996
7.8724,1.0481,9.9583
8.6405,1.7037,10.5996
6.0634,2.4168,7.1898
4.8861,3.1681,1.4590
2.4024,3.2590,-2.2092
0.9739,3.1322,-5.6788
-0.9356,1.7874,-5.3222
-0.4714,1.4142,-4.2694
1.2730,0.5767,0.0664
-0.3948,-0.0814,-2.9533
0.8160,-1.4381,-4.5039
3.0604,-1.3854,-1.2951
2.1607,-0.5719,0.6168
-0.1244,-0.5623,-0.3404
-0.3350,-1.0959,-3.7693
1.3998,-1.3639,-1.6014
0.1507,-1.3328,-0.0580
-0.2776,-1.3854,-0.4385
-1.3615,-1.5673,1.1408
-0.6365,-1.4955,2.7105
-1.3543,-1.1988,2.8014
-1.8401,-1.5075,1.5452
-1.0696,-1.8999,2.6459
-1.0481,-2.4144,2.4185
-1.5577,-1.2921,3.0072
-0.4881,-1.8281,2.3803
-1.3615,-2.1846,1.1767
-1.8377,-1.3902,1.3633
-1.5601,-1.7204,-0.8189
-1.7061,-1.0792,1.0331
-1.1031,-1.1749,-0.6490
0.3446,-0.8160,-0.7280
1.2610,-1.0026,-3.2261
1.7587,-0.6102,-1.9005
-0.5671,-0.1220,0.2195
-0.9571,-0.2465,-2.2163
0.1292,-1.1486,-6.4588
0.3541,-1.3543,-3.3003
-0.0383,-1.5864,-2.5442
0.2321,-1.0768,-3.6616
0.4403,-1.0720,-3.5803
-0.8590,-0.7011,0.1478
-1.6439,-1.7683,-2.2140
-0.9715,-2.1870,-1.9149
-0.6317,-1.4931,-1.7043
-1.0863,-1.8114,-0.3332
-1.4979,-1.9932,-0.9314
-0.7298,-1.5601,-1.6205
-2.1320,-1.3854,-0.2447
-2.7613,-0.9954,-0.1131
-1.3448,-1.6774,-0.5270
-0.1723,-1.0552,-0.2375
-1.4357,-1.1797,-1.2831
-1.5864,-1.0265,-0.5318
-1.0911,-0.8973,-0.0293
0.1699,-0.4570,-1.1707
-0.1795,-0.9308,-1.2903
-1.6869,-0.9978,-0.1872
-1.4548,-0.5958,0.1190
-2.7111,-1.1844,-2.0752
-2.2493,-1.1390,-1.0917
-0.3446,-1.2012,0.5378
-0.9763,-0.3996,-0.3021
-1.4261,-0.6197,-0.6514
-0.1436,-1.4213,0.3320
0.8279,-1.5912,-2.2857
-2.6895,-1.3065,-1.4291
-3.1992,-0.6891,1.4949
-0.6078,-0.7777,0.6646
-0.8830,-1.4261,-0.6706
-3.4863,-1.4764,-0.2662
-3.8740,-0.5623,0.6120
-2.2708,-1.1509,-0.4026
-0.9021,-1.6247,-1.9388
-2.7924,-0.9739,-0.0150
-2.5962,-1.6032,-0.6060
-0.6006,-0.9021,1.4207
-1.3591,-2.3091,2.0907
-2.1679,-2.0722,0.4899
-3.1226,-1.8544,-1.8407
-1.6869,-3.7304,-1.2808
-2.2301,-4.4746,4.0576
-3.8620,-3.9649,1.9663
-3.0030,-3.4337,-2.8816
-1.0313,-3.6993,-2.5322
-1.6558,-2.7996,1.7964
-2.1775,-2.3330,1.8180
-2.6297,-1.8975,-1.6134
-1.6822,-1.5099,-4.6857
-2.1368,-0.9906,-3.7095
-2.9456,-0.0311,0.8249
-3.5964,0.1555,0.2818
-3.6395,1.1246,0.7651
-3.3523,0.0383,-0.5390
-2.9599,-1.3687,3.3326
-4.5559,-0.6030,0.6670
-2.3856,-1.5123,-1.1348
-2.6847,-4.3143,0.0233
-4.7474,-5.4724,2.4951
-2.7111,-4.8598,1.2102
-1.4453,-3.6347,1.8491
-1.2132,-2.6082,0.5545
-1.1701,-3.1490,2.9593
-0.7657,-1.7922,4.0648
0.4211,0.0455,3.5097
-0.5910,-0.1220,2.1290
-1.3950,0.0814,4.3639
-1.2634,2.0841,5.5005
-0.8853,1.6917,3.8255
-1.0050,1.1677,2.1290
-0.6173,1.4524,1.8778
-1.0217,1.6008,2.2008
-1.1390,1.4046,1.1360
-1.3113,1.9908,0.9924
-1.4692,1.7180,1.8419
-1.4692,1.1557,1.4184
-1.1653,0.8303,0.5569
-0.6437,1.0552,0.2794
0.1507,1.2108,0.2722
-0.3852,0.8686,0.6287
-0.7801,0.8901,0.5163
-0.7968,1.0265,0.6885
-1.1509,0.9523,0.8273
-1.0935,0.7633,1.2628
-0.9260,1.0887,1.2963
-0.6891,0.7274,0.5641
-0.5743,0.4355,0.7771
-0.3182,0.4546,0.6024
-0.2106,0.7585,0.5234
-0.3709,0.5575,-0.1059
-0.6054,0.5408,0.9422
-0.8423,0.6748,0.4923
-0.8040,0.6317,0.2291
-0.4235,0.5791,1.0522
-0.5838,0.5791,1.2102
-0.8160,0.6676,0.7819
-1.2156,0.7825,0.6766
-0.6245,0.7322,0.8513
-0.5599,0.7178,1.0714
-0.7705,0.8471,0.7244
-0.7729,0.4881,0.4397
-0.6700,0.3302,0.7196
-0.3326,0.5671,1.2150
-0.7011,0.5288,0.6526
-0.7226,0.1603,0.4397
-0.7490,0.2130,0.7173
-0.6150,0.2704,0.8895
-0.7729,0.4307,0.7005
-1.0720,0.2608,1.1480
-1.1868,0.3446,2.7464
-1.0839,0.1555,1.0164
-0.7011,0.0407,1.3681
-0.8255,-0.0981,2.7129
-1.1174,-0.1388,2.6172
-1.2467,0.0694,2.3276
-1.2132,0.1292,2.8062
-1.2443,-0.0215,2.6889
-0.8231,-0.0383,2.0405
-0.6939,-0.5264,1.1169
-1.1222,-0.7250,1.2269
-0.9045,-0.7059,2.9426
-0.6939,-0.5838,2.7751
-0.9284,-0.1986,0.5210
-0.5647,-0.6269,1.3274
-0.9380,-0.4762,2.2750
-1.7539,-0.9452,1.8203
-1.3687,-0.5121,1.6433
-0.9763,-0.7848,2.1027
-0.2680,-1.4357,0.5019
-0.2871,-1.2275,-0.0102
-0.9021,-0.6724,3.7011
-0.1531,-0.3709,1.9280
0.0814,-0.0167,0.4875
0.0670,0.0072,0.8058
0.4427,0.3757,2.0166
0.1603,0.4714,0.6766
-0.5551,0.1412,0.5378
-0.4451,0.3924,1.5667
0.3135,0.1388,2.2319
-0.0144,0.1484,0.8106
-0.0550,-0.7035,-0.2159
0.1651,0.1627,1.7246
0.0574,0.2297,2.4281
0.3326,0.3230,1.3920
0.9141,0.6843,1.3322
0.5886,-0.4714,1.3872
0.2441,0.0120,1.0451
1.0887,0.1699,1.9208
1.6606,0.5480,0.3009
0.9739,0.9523,-0.5605
1.0720,0.1723,-0.0963
1.2778,0.9404,0.7508
1.6104,0.8782,0.3488
1.5290,0.7059,-0.2255
1.3783,0.5432,-1.2233
1.2682,0.5910,-0.8835
1.0576,0.9739,-0.1011
2.0506,1.7468,1.8084
2.6752,1.4285,1.9424
1.8999,1.1103,0.5737
1.0481,0.2177,-1.2520
1.7180,0.5145,-0.2710
1.4070,0.1196,-0.0891
1.7133,0.5623,-1.2784
1.1725,-0.3613,-3.0084
0.5432,-0.2297,-2.6064
1.2275,0.1436,-1.0558
0.7083,0.1053,-1.4171
0.6341,-0.5599,-3.2668
0.4331,-0.2034,-2.1254
0.3446,0.3541,-0.4457
0.2369,0.6413,-0.0652
0.4259,-0.1484,-1.1994
1.1581,-0.3637,-1.6086
0.8423,0.1866,-0.0413
0.0287,0.0263,-0.1035
0.0670,-0.4355,-1.1970
0.8901,0.0431,-0.3834
1.1653,0.6556,1.0427
0.5527,0.4953,0.8656
0.3876,0.3135,0.3272
0.9332,0.2871,0.2363
1.0074,0.5791,1.3944
0.1819,0.2991,-0.0102
0.0359,-0.1531,-0.9266
0.7896,0.1723,-0.4409
1.0983,0.2130,-0.6251
0.6939,0.5767,-0.0676
-0.0263,0.2752,-0.7783
0.0383,0.3805,-1.0032
0.9045,0.2584,-1.5057
0.3805,1.2227,0.3153
-0.5384,-0.1244,-0.9314
-0.9069,-1.1462,-2.2427
0.7801,1.3424,-1.2855
0.1196,0.4187,0.1980
-0.1388,-0.1675,-0.8979
-1.8832,0.4881,-0.2734
-2.0339,0.6724,0.2530
-0.6891,0.0598,-0.5749
-0.6628,0.0048,-0.5462
-2.1679,0.4116,-0.6251
-2.7063,0.1172,-0.7687
-2.0411,0.1172,0.5258
-1.9884,0.2465,1.4830
-2.2349,-0.5934,-0.9625
-1.9741,-0.9332,-1.2568
-2.6608,-1.4931,-0.9290
-2.1655,-1.0050,-0.3428
-2.1823,0.0670,2.3157
-2.8283,-1.2514,0.6096
-2.0435,-1.1821,-0.8429
-1.8879,-1.1222,-1.6038
-1.9167,-0.8136,0.3512
-2.2947,-0.3852,0.6239
-3.0676,-0.3685,0.8345
-2.6465,0.1005,0.3105
-3.6179,0.1364,-0.5892
-2.3617,-0.1101,1.6816
-3.1322,0.1364,1.7988
-2.4981,0.2273,-0.0796
-1.9813,-0.1962,-0.6682
-2.3186,-0.3302,0.4899
-1.7180,-0.3805,2.0692
-1.9214,-0.2417,1.7079
-0.6963,-0.4068,0.7484
-1.0768,-0.5216,1.7557
-1.2682,0.3254,2.9450
-0.6867,1.0457,3.0000
-0.4116,1.0026,2.4616
-1.3161,1.1079,1.9232
-0.8231,1.2251,2.1194
-0.2728,1.8927,2.0955
-0.7681,2.1894,2.4162
-1.2897,2.1751,1.7533
-2.0028,2.0626,2.4712
-1.0863,2.0267,2.1482
0.1460,1.7994,0.8441
-0.3374,2.0650,0.1454
-1.3113,2.4455,1.1695
-1.5817,2.5484,1.0403
-1.4477,2.8618,1.4614
-1.9238,2.9025,0.8752
-1.6798,2.8379,-1.7976
-1.3902,2.6034,-1.5464
-1.0935,2.3785,0.8991
-0.3517,2.2828,-0.4433
0.2895,2.2014,-2.5561
1.2658,1.8497,-2.3958
1.1509,1.9789,-0.2686
0.9739,1.8257,0.0688
0.2560,1.8305,-0.1848
0.1507,2.0937,-1.2377
-0.0167,1.8114,-0.4816
-0.3517,1.6367,0.6718
-0.3589,1.8233,1.1001
1.4644,2.0865,0.9972
2.0602,3.2207,0.0975
2.1535,1.5864,0.2124
0.4666,2.8666,2.1745
0.2871,3.5438,4.1222
-0.5815,4.1109,3.7801
-1.1557,5.3527,3.1077
-2.1751,2.8475,4.8520
-1.3065,3.6754,-0.4648
0.5312,2.4694,1.2126
0.0933,1.6247,1.0475
-0.1842,0.7896,1.1456
-1.3448,0.2058,0.5354
0.0622,0.2465,1.0810
-0.7825,1.1246,0.7866
0.5192,1.0002,1.0786
0.7178,1.1797,0.2722
-1.9023,3.9745,-2.1589
1.8879,-1.5817,-1.4602
1.0887,-2.0148,0.6359
0.1890,-0.1938,0.8106
0.1771,-0.2154,0.7843
0.1938,-0.2058,0.7938
0.2010,-0.2273,0.7914
0.1962,-0.2082,0.7747
0.1986,-0.1914,0.7364
0.2130,-0.2297,0.7651
0.2249,-0.1388,0.7005
0.2154,-0.1938,0.7531
0.1795,-0.2130,0.5067
0.1555,-0.3422,0.8513
0.2034,-0.2201,0.7699
0.1914,-0.2225,0.8034
0.1986,-0.2273,0.7555
0.1986,-0.2273,0.7627
0.2130,-0.1747,0.7938
0.2058,-0.2058,0.7986
0.2201,-0.2345,0.7627
0.2106,-0.2130,0.7723
0.1890,-0.2130,0.7723
0.2034,-0.2058,0.7962
0.1914,-0.2201,0.8345
0.2034,-0.2106,0.7460
0.1938,-0.1986,0.7531
0.1914,-0.2321,0.7675
0.2010,-0.2225,0.7316
0.1962,-0.2177,0.7890
0.1962,-0.2082,0.7675
0.2106,-0.2034,0.7771
0.1890,-0.2225,0.7723
0.2130,-0.1986,0.7723
0.2034,-0.2345,0.7771
0.2034,-0.1986,0.7819
0.2058,-0.2417,0.7579
0.1962,-0.2130,0.7890
0.3015,-0.1388,0.9398
0.2058,-0.3278,0.8010
0.1866,-0.2177,0.7938
0.1819,-0.2417,0.8178
0.2154,-0.2154,0.7675
0.2082,-0.2010,0.7460
0.2130,-0.1938,0.7914
0.1938,-0.1938,0.7675
0.1914,-0.2106,0.7723
0.2082,-0.2082,0.7603
0.2177,-0.2058,0.7986
0.1986,-0.1938,0.7747
0.1986,-0.2034,0.7651
0.1771,-0.2010,0.7699
0.1842,-0.2273,0.7866
0.2058,-0.1986,0.7651
0.2034,-0.1866,0.7699
0.1819,-0.2154,0.7723
0.2106,-0.1986,0.7843
0.1866,-0.2225,0.7555
0.2058,-0.2393,0.7484
0.1914,-0.2225,0.7412
0.1938,-0.2177,0.7675
0.1795,-0.2345,0.7723
0.1914,-0.2225,0.7986
0.1962,-0.2465,0.7890
0.2106,-0.2201,0.7795
0.2034,-0.2201,0.7651
0.1890,-0.2273,0.8106
0.1914,-0.2154,0.7819
0.1747,-0.2417,0.7651
0.1842,-0.2201,0.7747
0.1986,-0.2082,0.7651
0.2106,-0.2345,0.7747
0.2034,-0.2177,0.7603
0.2082,-0.2177,0.7747
0.1795,-0.2034,0.7723
0.2058,-0.1819,0.7484
0.1866,-0.2297,0.7819
0.1890,-0.2177,0.7675
0.1962,-0.2034,0.7627
0.2082,-0.2010,0.8010
0.2082,-0.1962,0.7675
0.2058,-0.2249,0.7747
0.1842,-0.1890,0.7484
0.1819,-0.2321,0.7555
0.1986,-0.1842,0.7531
0.1938,-0.2249,0.7675
0.2058,-0.2154,0.7723
0.1914,-0.1771,0.7651
0.1914,-0.2130,0.7747
0.1866,-0.1986,0.7819
0.1723,-0.2273,0.7795
0.2082,-0.2297,0.7627
0.1938,-0.2130,0.7914
0.1962,-0.2489,0.7627
0.1962,-0.1986,0.7771
0.2106,-0.2249,0.7699
0.1866,-0.2034,0.7723
0.2082,-0.2082,0.7819
0.2154,-0.2130,0.7627
0.1938,-0.2058,0.7675
0.1962,-0.2154,0.7555
0.1962,-0.2273,0.7603
0.1819,-0.2417,0.7986
0.1866,-0.2273,0.7627
0.1962,-0.2225,0.7747
0.2034,-0.2225,0.7819
0.2082,-0.1962,0.7747
0.2010,-0.2034,0.7962
0.1914,-0.2034,0.8106
0.2082,-0.2034,0.7771
0.2058,-0.1938,0.7555
0.1962,-0.2010,0.7699
0.2130,-0.1986,0.7603
0.2058,-0.2369,0.7843
0.1938,-0.2154,0.7771
0.1962,-0.2082,0.7747
0.2034,-0.2154,0.7747
0.2058,-0.2297,0.7747
0.2058,-0.2393,0.7843
0.2058,-0.2177,0.7843
0.1890,-0.2154,0.7890
0.2106,-0.2297,0.7771
0.1890,-0.2082,0.7627
0.1771,-0.2082,0.7747
0.1938,-0.2106,0.7962
0.1962,-0.2225,0.7986
0.1771,-0.2058,0.7723
0.2010,-0.2130,0.7866
0.1938,-0.2345,0.7723
0.1938,-0.2201,0.7938
0.2130,-0.2393,0.7723
0.1962,-0.1986,0.7651
0.2177,-0.1771,0.7484
0.1986,-0.2130,0.7866
0.1819,-0.2321,0.7651
0.1914,-0.2225,0.7579
0.1747,-0.1938,0.7747
0.1962,-0.2058,0.7819
0.2154,-0.2154,0.7795
0.1938,-0.2130,0.7603
0.1938,-0.2345,0.7866
0.2010,-0.2058,0.7771
0.2034,-0.2082,0.7890
0.1962,-0.1938,0.7388
0.2130,-0.2273,0.8058
0.1938,-0.2297,0.7771
0.1914,-0.2154,0.7531
0.2058,-0.2082,0.7651
0.1914,-0.2297,0.8082
0.1842,-0.1938,0.7603
0.1914,-0.2177,0.7819
0.1962,-0.1866,0.7699
0.1938,-0.2225,0.7555
0.2177,-0.2177,0.7579
0.2249,-0.2154,0.7771
0.1938,-0.2321,0.7914
0.2010,-0.2154,0.7866
0.2082,-0.1890,0.7747
0.2082,-0.2177,0.7531
0.1986,-0.1723,0.7747
0.1819,-0.1962,0.7723
0.2106,-0.2106,0.7866
0.2010,-0.2369,0.7627
0.2058,-0.1866,0.7723
0.1914,-0.2369,0.7723
0.1962,-0.2130,0.7627
0.1914,-0.1962,0.7819
0.2106,-0.2225,0.7723
0.1938,-0.2273,0.7460
0.1842,-0.2106,0.7627
0.1962,-0.2082,0.7890
0.1986,-0.2273,0.7890
0.1914,-0.2297,0.7962
0.1914,-0.2106,0.7962
0.2082,-0.2130,0.7771
0.1962,-0.2345,0.7843
0.1795,-0.2201,0.7795
0.1986,-0.1819,0.7819
0.1914,-0.1771,0.7914
0.1842,-0.2177,0.7555
0.1890,-0.2154,0.7627
0.1795,-0.2321,0.7388
0.1938,-0.2177,0.7938
0.1938,-0.2010,0.7819
0.1866,-0.2058,0.7986
0.2082,-0.1842,0.7675
0.2058,-0.2034,0.7651
0.1938,-0.2130,0.7890
0.2010,-0.2130,0.7819
0.1747,-0.2177,0.7890
0.1938,-0.2010,0.7579
0.1962,-0.2154,0.7890
0.1914,-0.2154,0.7627
0.1938,-0.2417,0.7914
0.1986,-0.2034,0.7723
0.1962,-0.1938,0.7675
0.2082,-0.2106,0.7675
0.1938,-0.2010,0.7747
0.1938,-0.2154,0.7747
0.1986,-0.2297,0.7579
0.1986,-0.2201,0.7866
0.2154,-0.2082,0.7771
0.1819,-0.2130,0.7795
0.2058,-0.2345,0.7675
0.2034,-0.2106,0.7651
0.2082,-0.1914,0.7795
0.1986,-0.2106,0.7723
0.2010,-0.1890,0.7819
0.1842,-0.2201,0.7699
0.1675,-0.2058,0.7388
0.2010,-0.2417,0.7819
0.1938,-0.2106,0.7986
0.1819,-0.1986,0.7843
0.2010,-0.1938,0.7627
0.1866,-0.2225,0.7723
0.1962,-0.2225,0.7699
0.1986,-0.1914,0.7555
0.1962,-0.2321,0.7651
0.1890,-0.2249,0.7460
0.1795,-0.2249,0.7579
0.2082,-0.1890,0.7699
0.1986,-0.2106,0.7723
0.2010,-0.2201,0.7938
0.2058,-0.2082,0.7627
0.1986,-0.1795,0.7819
0.2130,-0.2034,0.8106
0.1842,-0.1890,0.7819
0.1962,-0.2321,0.7986
0.2106,-0.2345,0.7890
0.1890,-0.2106,0.7699
0.2106,-0.2345,0.7843
0.1938,-0.2034,0.7914
0.2010,-0.2130,0.7795
0.1890,-0.2082,0.7603
0.1914,-0.1986,0.7771
0.2130,-0.2082,0.7723
0.1747,-0.2369,0.7651
0.1986,-0.2154,0.774